67
69
58
68
59
66
59
58
59
59
60
58
61
59
59
63
58
60
64
63
61
60
59
71
59
59
62
67
62
58
63
63
64
63
68
59
66
67
59
60
59
63
64
59
66
64
59
63
61
63
60
65
59
63
59
62
65
63
59
63
59
64
66
59
64
67
60
62
58
58
59
59
59
63
66
59
68
65
72
72
64
67
63
67
85
62
65
64
67
63
67
62
69
64
62
66
61
86
70
65
87
88
90
90
109
82
87
83
86
84
85
83
82
82
87
87
96
87
86
89
90
83
86
90
90
95
88
81
83
82
82
84
83
84
82
88
83
90
83
85
80
81
87
88
87
82
80
79
85
81
80
81
80
86
84
80
87
90
78
80
85
80
86
80
82
79
81
85
84
84
85
82
84
87
85
85
83
77
82
84
88
89
90
79
85
89
92
85
87
86
83
87
85
85
94
88
89
84
95
90
