7 0 59 145
6 1 68 206
5 1 47 153
4 1 49 142
4 4 70 185
6 2 69 178
6 2 58 161
6 1 60 160
8 1 84 240
6 2 71 193
7 2 74 210
3 1 33 95
3 2 43 120
5 0 36 96
7 0 62 168
4 1 44 120
8 0 58 160
6 0 56 131
5 2 59 161
5 1 58 180
6 0 48 176
5 1 54 198
7 2 79 306
8 0 73 287
6 1 61 235
4 1 47 158
7 2 73 208
8 1 76 216
6 0 51 136
5 1 49 136
6 0 56 158
7 0 61 168
6 2 70 191
3 2 51 138
4 2 49 136
3 2 43 120
7 0 65 187
3 3 51 140
4 0 33 93
3 2 49 132
7 0 58 160
4 1 40 106
5 0 34 96
6 0 46 133
6 1 58 176
5 3 72 192
6 0 48 133
8 0 65 164
5 1 51 137
4 2 53 145
7 0 57 152
6 0 46 125
6 0 51 142
3 1 33 89
5 1 51 136
7 1 62 176
4 3 59 160
8 0 76 219
5 3 70 193
6 0 45 128
3 2 45 125
6 0 53 144
7 1 62 168
5 0 41 112
9 0 80 213
8 0 59 160
6 0 51 144
6 2 64 176
7 0 65 176
5 2 51 134
6 1 66 192
8 0 66 185
7 0 55 152
6 0 53 153
7 1 64 178
5 1 51 118
7 0 68 120
6 0 51 136
5 2 56 154
5 1 52 144
9 1 85 234
7 1 68 193
3 3 50 145
7 2 77 215
4 3 59 238
5 1 51 162
5 0 43 124
7 1 66 177
5 1 50 138
7 0 56 152
9 1 84 232
2 2 36 96
8 0 70 192
8 1 66 185
9 0 79 224
7 1 64 179
4 4 71 201
6 1 58 164
9 0 74 208
5 2 60 160
7 0 54 159
3 3 49 136
4 2 49 136
3 4 61 167
6 2 68 184
5 1 47 132
7 2 76 205
5 0 42 112
8 0 70 203
6 2 62 168
6 1 60 168
4 1 44 120
6 1 52 144
4 3 63 177
7 1 63 176
6 1 58 168
7 1 69 184
5 4 68 193
4 1 44 120
8 1 70 195
6 2 68 194
4 1 44 115
3 3 53 153
4 1 40 112
5 1 47 130
6 0 61 133
6 3 70 204
8 0 64 179
5 1 58 165
7 1 65 176
7 0 60 168
6 1 55 141
7 1 66 180
6 1 59 163
5 1 62 169
5 2 52 144
6 1 60 160
8 1 77 219
9 1 78 236
5 0 47 128
6 0 50 144
5 1 44 119
5 0 39 112
7 2 77 216
4 4 66 242
6 0 59 227
4 1 41 155
5 1 55 207
5 0 50 186
4 2 57 205
3 0 32 88
6 2 69 206
4 1 50 183
5 0 42 139
4 2 48 132
6 1 55 156
4 0 36 100
5 2 58 161
6 1 51 147
7 0 59 183
5 1 50 173
6 0 52 181
6 1 53 194
6 0 50 173
4 1 41 144
4 2 51 171
6 1 54 193
9 0 79 265
7 0 59 200
8 1 74 250
7 1 63 220
7 1 65 230
4 2 54 180
4 1 52 174
8 0 65 226
6 2 63 210
7 0 59 199
6 1 54 180
4 2 51 182
7 2 73 250
5 2 58 200
4 0 26 90
7 2 76 261
7 0 62 210
9 0 69 250
8 0 72 250
5 2 55 195
6 2 68 240
8 1 70 244
5 1 51 170
6 0 54 188
6 2 65 223
8 2 85 310
6 0 50 171
6 1 55 181
4 1 40 137
7 0 65 224
5 0 41 140
6 0 50 170
3 3 52 181
6 2 63 221
6 0 52 181
10 0 77 258
4 3 58 201
6 1 60 220
8 0 64 220
8 0 79 264
7 0 56 201
4 1 50 109
7 1 70 239
6 1 55 188
4 1 42 151
5 0 47 160
8 0 71 240
9 0 69 230
8 0 70 264
4 1 44 158
4 2 46 160
5 0 43 150
